0.00 13.30 13.61 12.78 13.65 13.00 10.59 8.53 15.35 15.98 12.16 12.82 17.13 14.94 14.66 10.77 10.95 14.75 11.64 9.99 
13.30 0.00 10.69 12.64 12.67 14.45 16.14 14.66 11.41 10.14 14.67 11.01 12.11 8.53 16.63 14.16 12.91 12.27 11.16 16.29 
13.61 10.69 0.00 9.56 15.39 16.20 12.67 10.84 14.03 11.06 13.52 15.42 12.11 10.03 15.68 8.39 12.65 10.33 13.86 11.75 
12.78 12.64 9.56 0.00 9.86 12.91 12.71 12.39 12.29 11.24 7.17 14.11 9.22 11.99 15.89 6.81 6.59 5.78 12.15 12.63 
13.65 12.67 15.39 9.86 0.00 12.50 16.73 16.00 11.94 13.57 8.09 12.80 8.99 15.25 15.55 12.76 7.86 10.57 13.45 14.30 
13.00 14.45 16.20 12.91 12.50 0.00 14.80 14.54 14.85 15.62 10.41 7.42 13.43 14.80 13.67 14.50 12.04 13.80 14.16 15.48 
10.59 16.14 12.67 12.71 16.73 14.80 0.00 5.74 15.02 15.17 14.29 16.01 15.13 14.84 11.81 9.18 13.19 14.82 13.39 9.72 
8.53 14.66 10.84 12.39 16.00 14.54 5.74 0.00 15.04 14.86 13.88 15.03 15.38 13.58 12.73 8.35 13.10 14.38 13.52 7.88 
15.35 11.41 14.03 12.29 11.94 14.85 15.02 15.04 0.00 12.84 12.84 14.28 10.25 11.91 17.60 13.87 12.24 12.12 13.85 14.97 
15.98 10.14 11.06 11.24 13.57 15.62 15.17 14.86 12.84 0.00 13.09 15.13 12.32 7.12 12.57 12.27 12.17 12.09 8.76 13.81 
12.16 14.67 13.52 7.17 8.09 10.41 14.29 13.88 12.84 13.09 0.00 12.41 10.89 15.12 15.92 10.12 6.46 8.96 12.62 13.18 
12.82 11.01 15.42 14.11 12.80 7.42 16.01 15.03 14.28 15.13 12.41 0.00 13.62 12.80 15.69 15.53 12.46 14.54 14.22 16.62 
17.13 12.11 12.11 9.22 8.99 13.43 15.13 15.38 10.25 12.32 10.89 13.62 0.00 12.59 15.68 11.04 10.75 10.13 14.56 15.91 
14.94 8.53 10.03 11.99 15.25 14.80 14.84 13.58 11.91 7.12 15.12 12.80 12.59 0.00 13.95 12.93 14.18 12.59 9.48 14.10 
14.66 16.63 15.68 15.89 15.55 13.67 11.81 12.73 17.60 12.57 15.92 15.69 15.68 13.95 0.00 14.67 15.38 15.60 12.11 11.29 
10.77 14.16 8.39 6.81 12.76 14.50 9.18 8.35 13.87 12.27 10.12 15.53 11.04 12.93 14.67 0.00 8.69 9.63 13.41 10.95 
10.95 12.91 12.65 6.59 7.86 12.04 13.19 13.10 12.24 12.17 6.46 12.46 10.75 14.18 15.38 8.69 0.00 9.66 11.42 11.98 
14.75 12.27 10.33 5.78 10.57 13.80 14.82 14.38 12.12 12.09 8.96 14.54 10.13 12.59 15.60 9.63 9.66 0.00 14.09 14.10 
11.64 11.16 13.86 12.15 13.45 14.16 13.39 13.52 13.85 8.76 12.62 14.22 14.56 9.48 12.11 13.41 11.42 14.09 0.00 13.10 
9.99 16.29 11.75 12.63 14.30 15.48 9.72 7.88 14.97 13.81 13.18 16.62 15.91 14.10 11.29 10.95 11.98 14.10 13.10 0.00 
